76 76 76 76 76 76 76 76 76 76 76 76 76 76 76 76 76 76 76 76 76 76 76 76 76 76 76 76 76 76 76 76 76 76 76 76 76 76 76 76 76 76 76 76 76 76 76 76 76 76 
76 76 76 76 76 76 76 76 76 76 76 76 76 76 76 76 76 76 76 00 00 00 00 76 76 76 76 00 00 00 00 76 76 76 76 76 76 76 76 76 76 76 76 76 76 76 76 76 76 76 
76 76 76 76 76 76 76 76 76 76 76 76 76 76 76 76 00 00 76 76 76 76 76 76 00 00 76 76 76 76 76 76 00 00 76 76 76 76 76 76 76 76 76 76 76 76 76 76 76 76 
76 76 76 76 76 76 76 76 76 76 76 76 76 76 00 00 76 76 00 00 00 00 00 00 00 00 00 00 00 00 00 76 76 76 00 00 76 76 76 76 76 76 76 76 76 76 76 76 76 76 
76 76 76 76 76 76 76 76 76 76 76 76 76 00 76 76 00 00 00 00 00 00 00 00 00 00 00 00 00 00 00 00 00 00 76 76 00 76 76 76 76 76 76 76 76 76 76 76 76 76 
76 76 76 76 76 76 76 76 76 76 76 00 76 76 00 00 00 00 00 00 00 00 00 00 00 00 00 00 00 00 00 00 00 00 00 00 76 76 00 76 76 76 76 76 76 76 76 76 76 76 
76 76 76 76 76 76 76 76 76 76 00 76 00 00 00 00 00 00 00 00 00 00 00 00 00 00 00 00 00 00 00 00 00 00 00 00 00 00 76 00 76 76 76 76 76 76 76 76 76 76 
76 76 76 76 76 76 76 76 76 00 00 00 00 00 00 00 00 00 00 00 00 00 00 00 76 76 00 00 00 00 00 00 00 00 00 00 00 00 00 76 00 76 76 76 76 76 76 76 76 76 
76 76 76 76 76 76 76 76 00 76 00 00 00 00 00 00 00 00 00 00 76 76 76 76 76 76 76 76 76 76 76 00 00 00 00 00 00 00 00 00 76 00 76 76 76 76 76 76 76 76 
76 76 76 76 76 76 76 00 76 00 00 00 00 00 00 00 00 76 76 00 00 00 76 76 76 76 76 76 00 00 00 76 76 00 00 00 00 00 00 00 00 76 00 76 76 76 76 76 76 76 
76 76 76 76 76 76 00 76 00 00 00 00 00 00 00 76 76 00 76 76 76 76 76 76 76 76 76 76 76 76 76 76 00 76 76 00 00 00 00 00 00 00 76 00 76 76 76 76 76 76 
76 76 76 76 76 00 00 00 00 00 00 00 00 00 76 00 76 76 76 76 76 76 76 76 76 76 76 76 76 76 76 76 76 76 00 00 00 00 00 00 00 00 00 76 00 76 76 76 76 76 
76 76 76 76 00 76 00 00 00 00 00 00 76 76 00 76 76 76 76 76 76 76 76 76 76 76 76 76 76 76 76 76 76 76 76 00 76 00 00 00 00 00 00 00 76 76 76 76 76 76 
76 76 76 76 00 76 00 00 00 00 00 00 76 00 76 76 76 76 76 76 76 76 76 76 76 76 76 76 76 76 76 76 76 76 76 76 00 76 00 00 00 00 00 00 76 00 76 76 76 76 
76 76 76 00 76 00 00 00 00 00 00 76 00 76 76 76 76 76 76 76 76 76 76 76 76 76 76 76 76 76 76 76 76 76 76 76 76 00 76 00 00 00 00 00 00 00 00 76 76 76 
76 76 76 00 76 00 00 00 00 00 76 00 76 76 76 76 76 76 76 76 76 76 76 76 76 76 76 76 76 76 00 00 00 00 76 76 76 76 00 76 00 00 00 00 00 76 00 76 76 76 
76 76 00 76 00 00 00 00 00 00 00 76 76 76 76 76 76 76 76 76 76 76 76 76 76 76 76 76 76 00 76 76 76 76 76 76 76 76 76 76 00 00 00 00 00 00 76 00 76 76 
76 76 00 00 00 00 00 00 00 00 00 76 76 76 76 76 76 76 76 76 76 76 76 76 76 76 76 76 00 76 00 00 00 00 00 76 00 76 76 00 00 00 00 00 00 00 76 00 76 76 
76 76 76 00 00 00 00 00 00 76 76 76 76 76 76 76 76 76 76 76 76 76 76 76 76 76 76 76 76 00 00 00 00 00 00 00 00 76 76 00 76 00 00 00 00 00 76 76 76 76 
76 00 00 00 00 00 00 00 76 00 76 76 76 76 76 76 76 76 76 76 76 76 76 76 76 76 76 00 00 00 00 00 00 00 00 00 76 76 76 76 76 76 00 00 00 00 00 76 00 76 
76 00 76 00 00 00 00 00 76 00 76 76 76 76 76 76 76 76 76 76 76 76 76 76 76 76 00 76 00 00 00 00 00 00 00 76 76 76 76 76 00 76 00 00 00 00 00 76 00 76 
76 00 76 00 00 00 00 00 76 00 76 76 76 76 76 76 76 76 76 00 76 76 76 76 76 00 00 00 00 00 00 00 76 76 76 76 76 76 76 76 00 76 00 00 00 00 00 76 00 76 
76 76 76 00 00 00 00 00 76 76 76 76 76 76 76 00 00 00 00 76 00 76 76 76 76 76 76 00 00 00 00 00 76 00 76 76 76 76 76 76 00 76 00 00 00 00 00 76 00 76 
76 76 00 00 00 00 00 00 76 76 76 76 76 00 76 00 00 00 00 00 76 00 76 76 00 00 00 00 00 00 00 76 00 76 76 76 76 76 76 76 76 00 00 00 00 00 00 76 00 76 
76 76 00 00 00 00 00 00 76 76 76 76 76 76 76 00 00 00 00 00 00 76 00 00 76 00 00 00 00 00 76 00 76 76 76 76 76 76 76 76 76 76 00 00 00 00 00 76 76 76 
76 76 76 00 00 00 00 76 76 76 76 76 76 76 00 00 00 00 00 00 00 76 00 76 00 00 00 00 00 00 76 00 76 76 76 76 76 76 76 76 76 76 76 00 00 00 00 76 76 76 
76 76 76 00 00 00 00 00 76 76 76 76 76 76 76 00 76 00 00 00 00 00 76 76 00 00 00 00 00 76 00 76 76 76 76 76 76 76 76 76 76 76 00 00 00 00 00 76 76 76 
76 00 00 00 00 00 00 00 76 76 76 76 76 76 76 76 76 76 00 00 00 00 00 00 00 00 00 00 76 00 76 76 76 76 76 76 76 76 76 76 76 76 00 00 00 00 00 76 00 76 
76 00 76 00 00 00 00 00 76 00 76 76 76 76 76 76 00 76 00 00 00 00 00 00 00 00 00 76 00 76 76 76 76 76 76 76 76 76 76 76 00 76 00 00 00 00 00 00 00 76 
76 00 76 00 00 00 00 00 76 00 76 76 76 76 76 76 76 00 00 00 00 00 00 00 00 00 00 76 00 76 76 76 76 76 76 76 76 76 76 76 00 00 00 00 00 00 00 76 00 76 
76 00 76 00 00 00 00 00 00 00 76 76 76 76 76 76 76 76 00 00 00 00 00 00 00 00 76 00 76 76 76 76 76 76 76 76 76 76 76 76 00 76 00 00 00 00 00 76 00 76 
76 76 76 00 00 00 00 00 00 76 00 76 76 76 76 76 76 76 76 76 76 00 00 00 00 76 00 76 76 76 76 76 76 76 76 76 76 76 76 00 00 00 00 00 00 00 76 76 76 76 
76 76 00 76 00 00 00 00 00 00 00 76 76 76 76 76 76 76 76 00 76 00 00 00 76 00 76 76 76 76 76 76 76 76 76 76 76 76 76 00 76 00 00 00 00 00 76 00 76 76 
76 76 00 00 00 00 00 00 00 00 76 76 76 76 76 76 76 76 76 76 00 00 00 76 76 76 76 76 76 76 76 76 76 76 76 76 76 76 76 00 00 00 00 00 00 00 76 00 76 76 
76 76 76 00 00 00 00 00 00 00 76 00 76 76 76 76 76 76 76 76 76 00 00 00 76 76 76 76 76 76 76 76 76 76 76 76 76 76 00 76 00 00 00 00 00 76 00 76 76 76 
76 76 76 00 00 00 00 00 00 00 00 76 00 76 76 76 76 76 76 76 76 76 76 76 76 76 76 76 76 76 76 76 76 76 76 76 76 00 76 00 00 00 00 00 00 76 00 76 76 76 
76 76 76 76 00 76 00 00 00 00 00 00 76 00 76 76 76 76 76 76 76 76 76 76 76 76 76 76 76 76 76 76 76 76 76 76 00 76 00 00 00 00 00 00 76 00 76 76 76 76 
76 76 76 76 76 76 00 00 00 00 00 00 00 76 00 76 76 76 76 76 76 76 76 76 76 76 76 76 76 76 76 76 76 76 76 00 00 00 00 00 00 00 00 00 76 76 76 76 76 76 
76 76 76 76 76 00 76 00 00 00 00 00 00 00 76 00 76 76 76 76 76 76 76 76 76 76 76 76 76 76 76 76 76 76 00 76 00 00 00 00 00 00 00 76 00 76 76 76 76 76 
76 76 76 76 76 76 00 00 00 00 00 00 00 00 00 76 76 00 76 76 76 76 76 76 76 76 76 76 76 76 76 76 00 76 00 00 00 00 00 00 00 00 76 00 76 76 76 76 76 76 
76 76 76 76 76 76 76 00 00 00 00 00 00 00 00 00 00 00 76 00 00 00 76 76 76 76 76 76 00 00 00 76 76 00 00 00 00 00 00 00 00 76 00 76 76 76 76 76 76 76 
76 76 76 76 76 76 76 76 76 76 00 00 00 00 00 00 00 00 00 76 76 76 76 76 76 76 76 76 76 76 00 00 00 00 00 00 00 00 00 00 76 00 76 76 76 76 76 76 76 76 
76 76 76 76 76 76 76 76 76 00 76 00 00 00 00 00 00 00 00 00 00 00 00 00 76 76 00 00 00 00 00 00 00 00 00 00 00 00 00 76 00 76 76 76 76 76 76 76 76 76 
76 76 76 76 76 76 76 76 76 76 00 00 00 00 00 00 00 00 00 00 00 00 00 00 00 00 00 00 00 00 00 00 00 00 00 00 00 00 00 00 76 76 76 76 76 76 76 76 76 76 
76 76 76 76 76 76 76 76 76 76 76 00 00 00 00 00 00 00 00 00 00 00 00 00 00 00 00 00 00 00 00 00 00 00 00 00 76 76 00 76 76 76 76 76 76 76 76 76 76 76 
76 76 76 76 76 76 76 76 76 76 76 76 76 00 76 00 00 00 00 00 00 00 00 00 00 00 00 00 00 00 00 00 00 00 76 76 00 76 76 76 76 76 76 76 76 76 76 76 76 76 
76 76 76 76 76 76 76 76 76 76 76 76 76 76 00 00 76 76 00 00 00 00 00 00 00 00 00 00 00 00 00 76 76 76 00 00 76 76 76 76 76 76 76 76 76 76 76 76 76 76 
76 76 76 76 76 76 76 76 76 76 76 76 76 76 76 76 00 00 76 76 00 00 00 76 76 76 76 00 00 00 76 76 00 00 76 76 76 76 76 76 76 76 76 76 76 76 76 76 76 76 
76 76 76 76 76 76 76 76 76 76 76 76 76 76 76 76 76 76 76 00 00 00 00 76 76 76 76 00 00 00 00 76 76 76 76 76 76 76 76 76 76 76 76 76 76 76 76 76 76 76 
76 76 76 76 76 76 76 76 76 76 76 76 76 76 76 76 76 76 76 76 76 76 76 76 76 76 76 76 76 76 76 76 76 76 76 76 76 76 76 76 76 76 76 76 76 76 76 76 76 76 
