71 71 71 71 71 71 71 71 71 71 71 71 71 71 71 71 71 71 71 71 71 71 71 71 71 71 71 71 71 71 71 71 71 71 71 71 71 71 71 71 71 71 71 71 71 71 71 71 71 71
71 71 71 71 71 71 71 71 71 71 71 71 71 71 71 71 71 71 71 00 00 00 00 71 71 71 71 00 00 00 00 71 71 71 71 71 71 71 71 71 71 71 71 71 71 71 71 71 71 71
71 71 71 71 71 71 71 71 71 71 71 71 71 71 71 71 00 00 71 71 71 71 71 71 00 00 71 71 71 71 71 71 00 00 71 71 71 71 71 71 71 71 71 71 71 71 71 71 71 71
71 71 71 71 71 71 71 71 71 71 71 71 71 71 00 00 71 71 00 00 00 00 00 00 00 00 00 00 00 00 00 71 71 71 00 00 71 71 71 71 71 71 71 71 71 71 71 71 71 71
71 71 71 71 71 71 71 71 71 71 71 71 71 00 71 71 00 00 00 00 00 00 00 00 00 00 00 00 00 00 00 00 00 00 71 71 00 71 71 71 71 71 71 71 71 71 71 71 71 71
71 71 71 71 71 71 71 71 71 71 71 00 71 71 00 00 00 00 00 00 00 00 00 00 00 00 00 00 00 00 00 00 00 00 00 00 71 71 00 71 71 71 71 71 71 71 71 71 71 71
71 71 71 71 71 71 71 71 71 71 00 71 00 00 00 00 00 00 00 00 00 00 00 00 00 00 00 00 00 00 00 00 00 00 00 00 00 00 71 00 71 71 71 71 71 71 71 71 71 71
71 71 71 71 71 71 71 71 71 00 00 00 00 00 00 00 00 00 00 00 00 00 00 00 71 71 00 00 00 00 00 00 00 00 00 00 00 00 00 71 00 71 71 71 71 71 71 71 71 71
71 71 71 71 71 71 71 71 00 71 00 00 00 00 00 00 00 00 00 00 71 71 71 71 71 71 71 71 71 71 71 00 00 00 00 00 00 00 00 00 71 00 71 71 71 71 71 71 71 71
71 71 71 71 71 71 71 00 71 00 00 00 00 00 00 00 00 71 71 00 00 00 71 71 71 71 71 71 00 00 00 71 71 00 00 00 00 00 00 00 00 71 00 71 71 71 71 71 71 71
71 71 71 71 71 71 00 71 00 00 00 00 00 00 00 71 71 00 71 71 71 71 71 71 71 71 71 71 71 71 71 71 00 71 71 00 00 00 00 00 00 00 71 00 71 71 71 71 71 71
71 71 71 71 71 00 00 00 00 00 00 00 00 00 71 00 71 71 71 71 71 71 71 71 71 71 71 71 71 71 71 71 71 71 00 00 00 00 00 00 00 00 00 71 00 71 71 71 71 71
71 71 71 71 00 71 00 00 00 00 00 00 71 71 00 71 71 71 71 71 71 71 71 71 71 71 71 71 71 71 71 71 71 71 71 00 71 00 00 00 00 00 00 00 71 71 71 71 71 71
71 71 71 71 00 71 00 00 00 00 00 00 71 00 71 71 71 71 71 71 71 71 71 71 71 71 71 71 71 71 71 71 71 71 71 71 00 71 00 00 00 00 00 00 71 00 71 71 71 71
71 71 71 00 71 00 00 00 00 00 00 71 00 71 71 71 71 71 71 71 71 71 71 71 71 71 71 71 71 71 71 71 71 71 71 71 71 00 71 00 00 00 00 00 00 00 00 71 71 71
71 71 71 00 71 00 00 00 00 00 71 00 71 71 71 71 71 71 71 71 71 71 71 71 71 71 71 71 71 71 00 00 00 00 71 71 71 71 00 71 00 00 00 00 00 71 00 71 71 71
71 71 00 71 00 00 00 00 00 00 00 71 71 71 71 71 71 71 71 71 71 71 71 71 71 71 71 71 71 00 71 71 71 71 71 71 71 71 71 71 00 00 00 00 00 00 71 00 71 71
71 71 00 00 00 00 00 00 00 00 00 71 71 71 71 71 71 71 71 71 71 71 71 71 71 71 71 71 00 71 00 00 00 00 00 71 00 71 71 00 00 00 00 00 00 00 71 00 71 71
71 71 71 00 00 00 00 00 00 71 71 71 71 71 71 71 71 71 71 71 71 71 71 71 71 71 71 71 71 00 00 00 00 00 00 00 00 71 71 00 71 00 00 00 00 00 71 71 71 71
71 00 00 00 00 00 00 00 71 00 71 71 71 71 71 71 71 71 71 71 71 71 71 71 71 71 71 00 00 00 00 00 00 00 00 00 71 71 71 71 71 71 00 00 00 00 00 71 00 71
71 00 71 00 00 00 00 00 71 00 71 71 71 71 71 71 71 71 71 71 71 71 71 71 71 71 00 71 00 00 00 00 00 00 00 71 71 71 71 71 00 71 00 00 00 00 00 71 00 71
71 00 71 00 00 00 00 00 71 00 71 71 71 71 71 71 71 71 71 00 71 71 71 71 71 00 00 00 00 00 00 00 71 71 71 71 71 71 71 71 00 71 00 00 00 00 00 71 00 71
71 71 71 00 00 00 00 00 71 71 71 71 71 71 71 00 00 00 00 71 00 71 71 71 71 71 71 00 00 00 00 00 71 00 71 71 71 71 71 71 00 71 00 00 00 00 00 71 00 71
71 71 00 00 00 00 00 00 71 71 71 71 71 00 71 00 00 00 00 00 71 00 71 71 00 00 00 00 00 00 00 71 00 71 71 71 71 71 71 71 71 00 00 00 00 00 00 71 00 71
71 71 00 00 00 00 00 00 71 71 71 71 71 71 71 00 00 00 00 00 00 71 00 00 71 00 00 00 00 00 71 00 71 71 71 71 71 71 71 71 71 71 00 00 00 00 00 71 71 71
71 71 71 00 00 00 00 71 71 71 71 71 71 71 00 00 00 00 00 00 00 71 00 71 00 00 00 00 00 00 71 00 71 71 71 71 71 71 71 71 71 71 71 00 00 00 00 71 71 71
71 71 71 00 00 00 00 00 71 71 71 71 71 71 71 00 71 00 00 00 00 00 71 71 00 00 00 00 00 71 00 71 71 71 71 71 71 71 71 71 71 71 00 00 00 00 00 71 71 71
71 00 00 00 00 00 00 00 71 71 71 71 71 71 71 71 71 71 00 00 00 00 00 00 00 00 00 00 71 00 71 71 71 71 71 71 71 71 71 71 71 71 00 00 00 00 00 71 00 71
71 00 71 00 00 00 00 00 71 00 71 71 71 71 71 71 00 71 00 00 00 00 00 00 00 00 00 71 00 71 71 71 71 71 71 71 71 71 71 71 00 71 00 00 00 00 00 00 00 71
71 00 71 00 00 00 00 00 71 00 71 71 71 71 71 71 71 00 00 00 00 00 00 00 00 00 00 71 00 71 71 71 71 71 71 71 71 71 71 71 00 00 00 00 00 00 00 71 00 71
71 00 71 00 00 00 00 00 00 00 71 71 71 71 71 71 71 71 00 00 00 00 00 00 00 00 71 00 71 71 71 71 71 71 71 71 71 71 71 71 00 71 00 00 00 00 00 71 00 71
71 71 71 00 00 00 00 00 00 71 00 71 71 71 71 71 71 71 71 71 71 00 00 00 00 71 00 71 71 71 71 71 71 71 71 71 71 71 71 00 00 00 00 00 00 00 71 71 71 71
71 71 00 71 00 00 00 00 00 00 00 71 71 71 71 71 71 71 71 00 71 00 00 00 71 00 71 71 71 71 71 71 71 71 71 71 71 71 71 00 71 00 00 00 00 00 71 00 71 71
71 71 00 00 00 00 00 00 00 00 71 71 71 71 71 71 71 71 71 71 00 00 00 71 71 71 71 71 71 71 71 71 71 71 71 71 71 71 71 00 00 00 00 00 00 00 71 00 71 71
71 71 71 00 00 00 00 00 00 00 71 00 71 71 71 71 71 71 71 71 71 00 00 00 71 71 71 71 71 71 71 71 71 71 71 71 71 71 00 71 00 00 00 00 00 71 00 71 71 71
71 71 71 00 00 00 00 00 00 00 00 71 00 71 71 71 71 71 71 71 71 71 71 71 71 71 71 71 71 71 71 71 71 71 71 71 71 00 71 00 00 00 00 00 00 71 00 71 71 71
71 71 71 71 00 71 00 00 00 00 00 00 71 00 71 71 71 71 71 71 71 71 71 71 71 71 71 71 71 71 71 71 71 71 71 71 00 71 00 00 00 00 00 00 71 00 71 71 71 71
71 71 71 71 71 71 00 00 00 00 00 00 00 71 00 71 71 71 71 71 71 71 71 71 71 71 71 71 71 71 71 71 71 71 71 00 00 00 00 00 00 00 00 00 71 71 71 71 71 71
71 71 71 71 71 00 71 00 00 00 00 00 00 00 71 00 71 71 71 71 71 71 71 71 71 71 71 71 71 71 71 71 71 71 00 71 00 00 00 00 00 00 00 71 00 71 71 71 71 71
71 71 71 71 71 71 00 00 00 00 00 00 00 00 00 71 71 00 71 71 71 71 71 71 71 71 71 71 71 71 71 71 00 71 00 00 00 00 00 00 00 00 71 00 71 71 71 71 71 71
71 71 71 71 71 71 71 00 00 00 00 00 00 00 00 00 00 00 71 00 00 00 71 71 71 71 71 71 00 00 00 71 71 00 00 00 00 00 00 00 00 71 00 71 71 71 71 71 71 71
71 71 71 71 71 71 71 71 71 71 00 00 00 00 00 00 00 00 00 71 71 71 71 71 71 71 71 71 71 71 00 00 00 00 00 00 00 00 00 00 71 00 71 71 71 71 71 71 71 71
71 71 71 71 71 71 71 71 71 00 71 00 00 00 00 00 00 00 00 00 00 00 00 00 71 71 00 00 00 00 00 00 00 00 00 00 00 00 00 71 00 71 71 71 71 71 71 71 71 71
71 71 71 71 71 71 71 71 71 71 00 00 00 00 00 00 00 00 00 00 00 00 00 00 00 00 00 00 00 00 00 00 00 00 00 00 00 00 00 00 71 71 71 71 71 71 71 71 71 71
71 71 71 71 71 71 71 71 71 71 71 00 00 00 00 00 00 00 00 00 00 00 00 00 00 00 00 00 00 00 00 00 00 00 00 00 71 71 00 71 71 71 71 71 71 71 71 71 71 71
71 71 71 71 71 71 71 71 71 71 71 71 71 00 71 00 00 00 00 00 00 00 00 00 00 00 00 00 00 00 00 00 00 00 71 71 00 71 71 71 71 71 71 71 71 71 71 71 71 71
71 71 71 71 71 71 71 71 71 71 71 71 71 71 00 00 71 71 00 00 00 00 00 00 00 00 00 00 00 00 00 71 71 71 00 00 71 71 71 71 71 71 71 71 71 71 71 71 71 71
71 71 71 71 71 71 71 71 71 71 71 71 71 71 71 71 00 00 71 71 00 00 00 71 71 71 71 00 00 00 71 71 00 00 71 71 71 71 71 71 71 71 71 71 71 71 71 71 71 71
71 71 71 71 71 71 71 71 71 71 71 71 71 71 71 71 71 71 71 00 00 00 00 71 71 71 71 00 00 00 00 71 71 71 71 71 71 71 71 71 71 71 71 71 71 71 71 71 71 71
71 71 71 71 71 71 71 71 71 71 71 71 71 71 71 71 71 71 71 71 71 71 71 71 71 71 71 71 71 71 71 71 71 71 71 71 71 71 71 71 71 71 71 71 71 71 71 71 71 71
